1   1664968
2   3
2   747213
2   1664968
2   1691047
2   4095634
2   5535664
3   9
3   77935
3   79583
3   84707
3   564578
3   594898
3   681805
3   681886
3   835470
3   880698
3   1109091
3   1125108
3   1279972
3   1463445
3   1497566
3   1783284
3   1997564
3   2006526
3   2070954
3   2250217
3   2268713
3   2276203
3   2374802
3   2571397
3   2640902
3   2647217
3   2732378
3   2821237
3   3088028
3   3092827
3   3211549
3   3283735
3   3491412
3   3492254
3   3498305
3   3505664
3   3547201
3   3603437
3   3617913
3   3793767
3   3907547
3   4021634
3   4025897
3   4086017
3   4183126
3   4184025
3   4189168
3   4192731
3   4395141
3   4899940
3   4987592
3   4999120
3   5017477
3   5149173
3   5149311
3   5158741
3   5223097
3   5302153
3   5474252
3   5535280
4   145
5   8
5   57544
5   58089
5   60048
5   65880
5   284186
5   313376
5   564578
5   717529
5   729993
5   1097284
5   1204280
5   1204407
5   1255317
5   1670218
5   1720928
5   1850305
5   2269887
5   2333350
5   2359764
5   2640693
5   2743982
5   3303009
5   3322952
5   3492254
5   3573013
5   3721693
5   3797343
5   3797349
5   3797359
5   3849461
5   4033556
5   4173124
5   4189215
5   4207986
5   4669945
5   4817900
5   4901416
5   5010479
5   5062062
5   5072938
5   5098953
5   5292042
5   5429924
5   5599862
5   5599863
5   5689049
6   8
7   8
8   5
8   57544
8   58089
8   59375
8   64985
8   313376
8   704624
8   717529
8   729993
8   1204280
8   1204407
8   1254637
8   1255317
8   1497566
8   1720928
8   1850305
8   2269887
8   2333350
8   2359764
8   2496900
8   2640848
8   2743982
8   3303009
8   3322952
8   3492254
8   3573013
8   3797343
8   3797349
8   3797359
8   4033556
8   4173124
8   4189168
8   4206743
8   4207986
8   4393611
8   4813259
8   4901416
8   5010479
8   5062062
8   5072938
8   5098953
8   5292042
8   5429924
8   5599862
8   5599863
9   3
9   74106
9   75221
9   275656
9   313376
9   1279972
9   1565872
9   1613838
9   1997564
9   2640650
9   3092827
9   3491412
9   3492254
9   3956845
9   3973207
9   4025897
9   4189168
9   4189215
9   4813259
10   3
11   60956
11   313376
11   322893
11   497519
11   499246
11   594399
11   801968
11   806840
11   1123171
11   1228259
11   1463265
11   1892998
11   2022036
11   2070954
11   2639079
11   3492254
11   3594794
11   3967074
11   4096317
11   4189168
11   4189215
11   4273212
11   4611415
11   4708418
11   4813259
11   5300058
11   5575496
12   5
13   5534647
14   4116750
15   4095634
16   5534647
17   5703728
18   4207272
19   2402613
20   2402613
22   4095634
23   5688890
24   205444
24   530901
24   1601519
24   2583882
24   3072654
24   3492254
24   3498305
24   4096317
24   4189168
24   4638601
24   4751151
24   5242252
25   5688891
26   5688892
27   5688893
28   5688894
29   5688893
30   5688896
31   267480
32   5688896
33   5688899
34   5688900
35   5688901
36   5688902
37   5688903
38   5688904
39   5688904
40   5688906
41   5108264
42   5688910
43   5688909
44   45
45   77935
45   349575
45   730133
45   1050004
45   1296303
45   1438941
45   1861146
45   2238687
45   2415295
45   2496868
45   2504674
45   2518439
45   2640161
45   2806797
45   3270463
45   3523345
45   3709479
45   3877647
45   4068200
45   4068202
45   4267445
45   4745746
45   4786041
45   4884810
45   4884863
45   4950172
45   5061591
45   5300058
45   5444196
45   5445898
45   5596573
46   5688911
47   5688912
48   5688912
49   5688914
50   5496703
51   5688916
52   5688916
53   1965054
54   5688918
55   5688921
56   5688923
57   5688925
58   5688925
59   4536608
60   4536608
61   4536608
62   4536608
63   65
64   5688927
65   66
65   373621
65   497364
65   660675
65   668841
65   726925
65   801925
65   875721
65   1054785
65   1137604
65   1264295
65   1485934
65   1506476
65   1525691
65   1707455
65   1875197
65   1891648
65   2012305
65   2016813
65   2495798
65   2531695
65   2531937
65   2533922
65   2566623
65   2630316
65   2630470
65   3234828
65   3253028
65   3345822
65   3603437
65   3681859
65   3880666
65   3918951
65   3999143
65   3999230
65   4040762
65   4140473
65   4186673
65   4208272
65   4222476
65   4288342
65   4444399
65   4629446
65   4732884
65   4867692
65   4877498
66   65
66   76573
66   275656
66   373621
66   462484
66   497364
66   660675
66   726925
66   1051918
66   1054809
66   1081160
66   1786747
66   1872865
66   1875197
66   2013257
66   2016813
66   2495798
66   2531695
66   2531937
66   2566623
66   3234828
66   3253028
66   3345822
66   3492254
66   3880666
66   3918951
66   3999230
66   4040762
66   4140473
66   4186673
66   4189168
66   4189215
66   4288238
66   4288342
66   4444399
66   4530182
66   4629446
66   4732884
66   4813259
66   4877491
66   4877498
66   5029787
66   5361565
67   5688928
68   2965227
69   5703728
70   2810730
71   4813077
72   4813077
73   5688931
74   5688931
75   5703728
76   2783730
77   5703728
78   5703727
79   5703729
80   5703729
81   5703728
82   5703729
83   5703729
84   5665378
85   5688933
86   5688937
87   5688937
88   5079330
89   5079330
90   5703728
91   5703728
92   3721245
93   3549534
94   436730
95   5688942
96   2783730
97   5688943
98   5688946
99   5688946
100   5689134
101   5688957
102   5688953
103   5688955
104   4123325
105   4467680
106   4467680
107   108
108   204185
108   514740
108   594399
108   1250479
108   1328365
108   1328843
108   1345278
108   1463265
108   1477545
108   1503139
108   1563567
108   1573051
108   2030731
108   2936289
108   3492254
108   3498305
108   3991329
108   4003103
108   4143886
108   4189168
108   4611225
108   5659667
109   108
110   108
111   108
112   5688961
113   5688962
114   5688963
115   5688976
116   5688964
117   5688964
118   5688966
119   5688967
120   5688968
121   5688970
122   5688972
123   5688973
124   5688974
125   3033351
126   77935
126   81615
126   84707
126   88822
126   214851
126   418381
126   455636
126   462376
126   745479
126   858879
126   1331646
126   1895435
126   2496860
126   2496930
126   2496956
126   2496965
126   2854726
126   2880072
126   2909936
126   3072654
126   3233642
126   3274533
126   3284008
126   3342184
126   3378109
126   3682262
126   3889726
126   3909616
126   4552750
126   4633868
126   4980991
126   5001926
126   5025110
126   5026556
126   5101702
126   5114983
127   2648325
128   4351589
129   4889965
130   4889965
131   4889965
132   5703728
133   5703730
134   5703728
135   5703729
136   5703728
137   4889965
138   4889965
139   4889965
140   5703728
141   5703729
142   5688978
143   145
143   63375
143   275656
143   313376
143   1321671
143   1463445
143   2374802
143   3492254
143   3712736
143   4189168
143   4786084
143   4813259
143   4987694
143   4987695
144   4095634
145   2
145   3
145   143
145   325822
145   566125
145   1664968
145   1691047
145   2402613
145   3575020
145   4817723
145   5535664
146   1664968
147   327399
148   566237
149   1664960
150   156270
151   156270
152   156270
153   156270
154   5703727
155   2360299
156   2360299
157   197421
158   4351589
159   4889965
160   4889965
161   5703728
162   1420670
163   1420670
164   436980
164   505650
164   505651
164   550302
164   569094
164   573346
164   631250
164   650629
164   775638
164   808820
164   910306
164   956638
164   1031954
164   1118971
164   1175762
164   1231654
164   1420568
164   1424177
164   1508647
164   1739522
164   2081174
164   2473511
164   2935004
164   3080731
164   3334949
164   3535212
164   3602167
164   3607953
164   3618143
164   4431009
164   4610996
164   4664960
164   4845331
164   5143691
164   5188581
164   5216791
164   5308512
164   5330132
164   5578696
165   3378449
166   4962179
167   5020860
168   5020860
169   5308062
170   53188
170   54195
170   245782
170   619643
170   655003
170   1062798
170   1136810
170   1603276
170   1888482
170   2136939
170   2489223
170   2508964
170   2595033
170   3096228
170   3248658
170   3397793
170   3487911
170   3855042
170   4257797
170   4446267
170   4530349
170   4860179
170   4936500
170   5055205
170   5302153
170   5308413
171   275656
171   313376
171   1909243
171   1992703
171   2538739
171   3343022
171   3492254
171   4189168
171   4288238
171   4813259
171   5137186
172   436980
172   505629
172   550302
172   569080
172   569088
172   569094
172   573346
172   631250
172   650629
172   775638
172   808820
172   899422
172   910306
172   956638
172   1031954
172   1118971
172   1128374
172   1175762
172   1231654
172   1424177
172   1508647
172   1739522
172   2081174
172   2473511
172   2935004
172   3334949
172   3602167
172   3607953
172   3618165
172   4431009
172   4610996
172   4664960
172   4845331
172   5143691
172   5188581
172   5308917
172   5330132
173   4103131
174   3338076
175   436980
175   505627
175   550302
175   569080
175   569088
175   569094
175   573346
175   631250
175   650629
175   775638
175   808820
175   899173
175   910306
175   956638
175   1031954
175   1128374
175   1231654
175   1424177
175   1508647
175   2081174
175   2473511
175   2935004
175   3334949
175   3602167
175   3607953
175   3618158
175   4431009
175   4610996
175   4664960
175   4845331
175   5188581
175   5308516
175   5330132
176   185
177   8982
178   8982
179   77935
179   174817
179   444847
179   1098498
179   1305473
179   1888603
179   2762462
179   3211336
179   3259682
179   3345588
179   3504979
179   4567858
179   4995175
179   5372343
180   505135
180   1670218
180   2752400
180   3607033
180   3922905
180   4006168
180   4500025
180   4918757
180   5505540
181   4103131
182   185
183   569080
183   569094
183   808820
183   910306
183   1031954
183   1128374
183   1424177
183   2081174
183   2473511
183   2867896
183   3334949
183   3602167
183   4610996
183   5330132
183   5578696
184   569094
184   808820
184   1031954
184   1128374
184   2867896
184   4610996
185   569094
185   2867896
186   185
187   184
188   183
189   14761
189   334954
189   334955
189   748572
189   748833
189   847106
189   855625
189   1013051
189   1030277
189   1059964
189   1060007
189   1266123
189   1327635
189   1413631
189   1597777
189   1715121
189   1854436
189   1891737
189   1991125
189   2039882
189   2181882
189   2228454
189   2341657
189   2341661
189   2365864
189   2436126
189   2743749
189   2878262
189   2909049
189   2924098
189   3492254
189   3511020
189   4061706
189   4099837
189   4176870
189   4185419
189   4189168
189   4189215
189   4290365
189   4611853
189   4671409
189   4710919
189   4773667
189   4773793
189   4991440
189   5032911
189   5061167
189   5198262
189   5321502
189   5470377
189   5470378
189   5489206
189   5514406
189   5517035
189   5529615
189   5531245
189   5531987
189   5645117
189   5645379
189   5645452
190   3306
190   598362
190   832190
190   878021
190   880011
190   880013
190   880099
190   880207
190   880220
190   880237
190   896566
190   1038213
190   1158400
190   1369973
190   1454564
190   1497652
190   1543108
190   1694679
190   1754905
190   1783257
190   1793172
190   1977788
190   2202079
190   3006505
190   3017120
190   3043071
190   3236097
190   3238012
190   3291830
190   3334160
190   3377250
190   3676570
190   3739637
190   3898184
190   3929025
190   4054227
190   4688509
190   4689115
190   4718410
190   4746003
190   4780371
190   4834888
190   4881842
190   4882071
190   4903786
190   5000100
190   5020765
191   250175
191   516780
191   516989
191   976046
191   1193880
191   1766727
191   1915423
191   2123548
191   4634166
192   3747192
193   3747192
194   175
195   3747192
196   191
197   3699788
198   3022722
199   175
200   505627
201   3747192
202   74082
203   204
204   1983170
204   3780254
204   3798743
204   5643493
205   172
206   172
207   505629
208   5361433
209   5361433
210   4086634
211   4086634
212   164
213   217
214   2979792
214   4936083
215   164
216   164
217   505650
217   1420568
217   3080731
217   3607953
218   505650
219   164
220   505651
221   4047094
222   3746168
223   5361433
224   5361433
225   436980
225   505678
225   505679
225   550302
225   573346
225   631250
225   650629
225   775638
225   1118971
225   1175762
225   1739522
225   3334949
225   3607953
225   4431009
225   4610996
225   4664960
225   5143691
225   5148363
225   5216791
225   5308944
225   5330132
225   5578696
226   436980
226   505673
226   550302
226   569080
226   569088
226   569094
226   573346
226   631250
226   650629
226   775638
226   899438
226   910306
226   1128374
226   1175762
226   1231654
226   1424177
226   1508647
226   1739522
226   2081174
226   2473511
226   2935004
226   3334949
226   3602167
226   3607953
226   3618166
226   4431009
226   4664960
226   4845331
226   5143691
226   5188581
226   5308939
226   5330132
227   4103131
228   226
229   5308939
230   4330310
231   226
232   505673
233   4103131
234   77935
234   136582
234   505135
234   896161
234   981475
234   1524506
234   1929481
234   1981042
234   2244502
234   2858875
234   3091818
234   3183390
234   3509971
234   3513813
234   3587465
234   3588649
234   3682219
234   3682295
234   4138104
234   4185356
234   4632520
234   4936429
234   4936500
234   5300058
234   5302153
234   5308062
235   225
236   5221685
237   505678
237   5148363
238   505678
239   225
240   505679
241   5361433
242   5361433
243   5099965
244   854394
244   1260366
244   1264295
244   1741340
244   3346231
245   246
246   74165
246   261724
246   383232
246   390357
246   395161
246   716576
246   747293
246   865903
246   865906
246   865910
246   865911
246   865912
246   865913
246   865914
246   865915
246   865916
246   865917
246   865918
246   865919
246   865923
246   865929
246   865938
246   865951
246   865963
246   865996
246   865997
246   865998
246   866012
246   866028
246   922097
246   931370
246   951187
246   1120297
246   1176384
246   1210330
246   1216245
246   1222860
246   1305372
246   1309275
246   1312937
246   1456188
246   1620267
246   1656209
246   1690032
246   1692664
246   1755126
246   1846624
246   1898702
246   1919648
246   1928220
246   1961652
246   2048346
246   2258115
246   2317193
246   2401294
246   2527646
246   2538236
246   2605717
246   2646454
246   2871873
246   2880160
246   2967090
246   2967091
246   3060462
246   3098022
246   3211495
246   3215761
246   3391034
246   3591794
246   3621818
246   3876266
246   3963497
246   3985675
246   4229025
246   4254029
246   4271258
246   4332245
246   4459173
246   4544098
246   4658206
246   4680132
246   4808010
246   4887440
246   4890798
246   5126702
246   5147869
246   5220851
246   5294119
246   5302153
246   5461262
246   5475532
246   5500466
246   5529678
246   5530199
246   5556980
246   5578950
247   246
248   865910
249   865910
250   246
251   4047323
252   1696315
253   2569375
254   255
255   75323
255   105855
255   215702
255   348727
255   400424
255   418531
255   440919
255   469954
255   470608
255   475661
255   489491
255   504249
255   550175
255   630330
255   650417
255   755255
255   776567
255   808670
255   810412
255   817615
255   880698
255   896161
255   897568
255   909267
255   1004123
255   1010824
255   1025249
255   1078771
255   1097284
255   1171706
255   1177666
255   1177929
255   1188169
255   1273793
255   1353963
255   1649469
255   1650573
255   1709000
255   1769536
255   1770603
255   1771054
255   1780622
255   1780753
255   1794015
255   1804986
255   1957283
255   1957287
255   1982527
255   2024650
255   2159971
255   2160004
255   2225578
255   2437900
255   2463093
255   2844638
255   2871873
255   2887392
255   3088035
255   3243501
255   3260305
255   3276506
255   3314252
255   3337035
255   3380848
255   3435498
255   3437461
255   3461122
255   3505290
255   3539086
255   3539748
255   3544382
255   3600577
255   3603035
255   3603441
255   3612015
255   3663394
255   3665774
255   3703120
255   3775253
255   3831725
255   3850181
255   3851558
255   3937218
255   3937238
255   4021612
255   4021634
255   4142235
255   4142236
255   4219255
255   4221688
255   4307913
255   4420120
255   4437560
255   4438279
255   4439937
255   4451663
255   4452635
255   4461233
255   4470701
255   4504624
255   4513330
255   4682539
255   4683698
255   4831744
255   4936469
255   4937357
255   5002466
255   5024324
255   5052875
255   5176369
255   5205900
255   5215880
255   5302153
255   5308062
255   5344298
255   5357574
255   5375355
255   5477675
256   436980
256   505708
256   550302
256   573346
256   631250
256   650629
256   775638
256   808820
256   899114
256   910306
256   956638
256   1031954
256   1118971
256   1128374
256   1175762
256   1231654
256   1424177
256   1508647
256   1739522
256   2081174
256   2473511
256   2935004
256   3334949
256   3535212
256   3602167
256   3607953
256   3618143
256   4431009
256   4610996
256   4664960
256   4845331
256   5143691
256   5188581
256   5308125
256   5330132
257   436980
257   505705
257   550302
257   569080
257   569088
257   569094
257   573346
257   631250
257   650629
257   775638
257   808820
257   899106
257   910306
257   956638
257   1031954
257   1128374
257   1175762
257   1231654
257   1424177
257   1508647
257   1739522
257   2473511
257   2935004
257   3334949
257   3602167
257   3607953
257   3618147
257   4431009
257   4610996
257   4664960
257   4845331
257   5143691
257   5188581
257   5308122
257   5330132
258   4103131
259   336271
259   728744
259   1888482
259   1888795
259   1920664
259   2458563
259   3320396
259   4936457
259   5302153
260   569080
260   569094
260   808820
260   910306
260   1031954
260   1128374
260   1424177
260   2081174
260   2473511
260   2867896
260   3334949
260   3602167
260   3618148
260   4610996
260   5330132
260   5578696
261   910306
261   1031954
261   1128374
261   2867896
261   5578696
262   261
263   260
264   257
265   257
266   505705
267   256
268   256
269   505708
270   5044468
271   4962197
272   4962197
273   3889025
274   1585817
275   5196198
276   5196198
277   5361433
278   5361433
279   507751
280   507751
281   2210225
282   4053498
283   3866430
284   960945
285   5308062
286   1031954
287   289
288   289
288   378921
288   392840
288   400504
288   436980
288   436981
288   436982
288   436983
288   436984
288   507751
288   550302
288   573346
288   631250
288   650629
288   739235
288   775638
288   792824
288   794084
288   795170
288   808820
288   880095
288   898664
288   898928
288   910306
288   947218
288   956638
288   976899
288   1031954
288   1037676
288   1071259
288   1128374
288   1158259
288   1171716
288   1175762
288   1192653
288   1231581
288   1231654
288   1238740
288   1288108
288   1288110
288   1288331
288   1403664
288   1420555
288   1420570
288   1420670
288   1424151
288   1424177
288   1481482
288   1508647
288   1523356
288   1608266
288   1615000
288   1640950
288   1650174
288   1739522
288   1908093
288   2045894
288   2050252
288   2065743
288   2070477
288   2081174
288   2160439
288   2250036
288   2260247
288   2261969
288   2473511
288   2500212
288   2500213
288   2739447
288   2759084
288   2935004
288   2935688
288   2951967
288   3154523
288   3183174
288   3183321
288   3184172
288   3189047
288   3278741
288   3334949
288   3427703
288   3535212
288   3593967
288   3595153
288   3602167
288   3607953
288   3611276
288   3618143
288   3618162
288   3676018
288   3676039
288   3681421
288   3731655
288   3757116
288   3845490
288   3897078
288   3916702
288   3917386
288   3917404
288   3929191
288   3942559
288   4023686
288   4023758
288   4055249
288   4092091
288   4092116
288   4137794
288   4232488
288   4412230
288   4412640
288   4415285
288   4425447
288   4431009
288   4461436
288   4594651
288   4595738
288   4610996
288   4639922
